0 1 1
0 32 1
1 2 1
1 80 1
1 132 1
2 3 1
2 54 1
2 73 1
2 174 1
2 286 1
2 333 1
3 4 1
3 207 1
3 310 1
3 335 1
4 5 1
4 145 1
4 233 1
4 339 1
5 6 1
6 7 1
6 325 1
7 8 1
7 19 1
7 27 1
7 222 1
7 263 1
7 376 1
7 413 1
8 9 1
8 191 1
8 409 1
9 10 1
9 203 1
9 416 1
10 11 1
10 289 1
11 12 1
11 152 1
11 399 1
11 405 1
12 13 1
12 330 1
13 14 1
13 281 1
14 15 1
14 88 1
14 320 1
15 16 1
15 186 1
15 361 1
15 388 1
16 17 1
17 18 1
17 19 1
18 19 1
18 45 1
18 47 1
18 402 1
19 20 1
19 239 1
20 21 1
20 99 1
20 103 1
20 204 1
20 310 1
21 22 1
21 199 1
21 353 1
21 368 1
21 377 1
22 23 1
22 96 1
22 128 1
22 248 1
23 24 1
23 168 1
23 180 1
23 363 1
23 369 1
24 25 1
24 105 1
24 114 1
24 135 1
24 186 1
24 225 1
25 26 1
25 75 1
25 382 1
26 27 1
26 207 1
27 28 1
27 126 1
27 203 1
27 208 1
27 379 1
28 29 1
28 166 1
28 428 1
29 30 1
29 183 1
29 206 1
29 216 1
29 267 1
29 326 1
29 332 1
29 340 1
30 31 1
30 157 1
30 381 1
31 32 1
32 33 1
32 172 1
32 242 1
32 253 1
32 379 1
32 405 1
32 428 1
33 34 1
33 47 1
33 168 1
33 172 1
33 190 1
33 265 1
33 407 1
34 35 1
34 88 1
34 90 1
34 219 1
34 389 1
35 36 1
35 88 1
35 283 1
35 408 1
36 37 1
36 83 1
36 221 1
36 322 1
37 38 1
37 83 1
37 253 1
37 278 1
38 39 1
38 48 1
38 70 1
39 40 1
39 156 1
39 195 1
39 248 1
39 273 1
39 290 1
39 395 1
40 41 1
40 51 1
40 147 1
41 42 1
41 101 1
41 182 1
41 336 1
41 429 1
42 43 1
42 72 1
42 107 1
42 323 1
43 44 1
43 280 1
44 45 1
44 274 1
45 46 1
45 132 1
46 47 1
46 90 1
47 48 1
47 255 1
47 312 1
47 417 1
48 49 1
48 275 1
49 50 1
49 304 1
50 51 1
50 77 1
51 52 1
51 151 1
51 249 1
52 53 1
52 203 1
52 224 1
53 54 1
53 240 1
53 264 1
53 288 1
53 312 1
54 55 1
55 56 1
55 313 1
55 336 1
56 57 1
56 80 1
56 391 1
57 58 1
57 113 1
57 117 1
57 160 1
58 59 1
58 377 1
58 402 1
59 60 1
59 326 1
59 346 1
60 61 1
61 62 1
61 226 1
61 425 1
62 63 1
62 205 1
63 64 1
63 388 1
63 409 1
64 65 1
64 306 1
64 423 1
65 66 1
65 67 1
65 83 1
65 148 1
65 178 1
66 67 1
67 68 1
67 223 1
67 230 1
68 69 1
68 86 1
68 161 1
68 320 1
69 70 1
69 109 1
69 191 1
69 274 1
69 326 1
69 426 1
70 71 1
70 422 1
71 72 1
71 77 1
71 281 1
72 73 1
72 112 1
72 159 1
72 349 1
73 74 1
73 112 1
74 75 1
74 77 1
75 76 1
76 77 1
76 193 1
76 295 1
77 78 1
77 181 1
77 313 1
77 317 1
78 79 1
79 80 1
79 93 1
79 124 1
79 168 1
79 416 1
80 81 1
80 247 1
80 274 1
80 420 1
81 82 1
81 239 1
82 83 1
82 329 1
83 84 1
83 86 1
83 95 1
83 197 1
83 229 1
83 241 1
83 383 1
84 85 1
84 137 1
84 308 1
85 86 1
85 119 1
85 171 1
85 182 1
86 87 1
86 340 1
87 88 1
87 165 1
87 220 1
87 263 1
87 389 1
88 89 1
88 253 1
89 90 1
89 311 1
89 338 1
90 91 1
90 359 1
91 92 1
91 235 1
91 247 1
91 248 1
91 278 1
92 93 1
92 175 1
92 233 1
92 389 1
93 94 1
93 146 1
93 388 1
93 422 1
94 95 1
95 96 1
95 123 1
95 138 1
95 279 1
95 391 1
96 97 1
96 111 1
96 359 1
97 98 1
97 293 1
97 342 1
98 99 1
98 129 1
98 272 1
98 322 1
99 100 1
99 289 1
99 395 1
99 428 1
100 101 1
100 278 1
100 300 1
101 102 1
101 258 1
101 274 1
101 408 1
102 103 1
102 144 1
102 222 1
102 419 1
103 104 1
103 207 1
103 249 1
103 397 1
104 105 1
104 118 1
104 338 1
104 387 1
104 392 1
104 404 1
105 106 1
105 122 1
105 190 1
105 308 1
105 345 1
105 387 1
106 107 1
106 116 1
107 108 1
107 196 1
108 109 1
108 369 1
108 427 1
109 110 1
110 111 1
110 208 1
110 339 1
110 429 1
111 112 1
111 238 1
112 113 1
112 194 1
112 211 1
112 339 1
113 114 1
113 152 1
113 222 1
114 115 1
114 225 1
114 322 1
114 331 1
115 116 1
115 274 1
116 117 1
116 255 1
116 262 1
117 118 1
117 145 1
118 119 1
118 266 1
118 320 1
118 350 1
119 120 1
119 269 1
119 310 1
119 414 1
120 121 1
120 177 1
120 267 1
121 122 1
121 273 1
122 123 1
122 266 1
123 124 1
123 169 1
123 254 1
124 125 1
124 400 1
125 126 1
125 136 1
125 210 1
125 280 1
125 323 1
126 127 1
126 219 1
126 223 1
126 252 1
126 273 1
126 356 1
126 396 1
127 128 1
127 131 1
127 367 1
128 129 1
129 130 1
129 229 1
129 271 1
130 131 1
130 223 1
130 258 1
130 273 1
131 132 1
131 149 1
131 391 1
132 133 1
132 191 1
132 399 1
133 134 1
133 199 1
133 204 1
133 371 1
133 387 1
134 135 1
134 237 1
134 277 1
135 136 1
135 205 1
135 221 1
135 242 1
135 348 1
136 137 1
136 199 1
136 305 1
136 401 1
136 423 1
137 138 1
137 397 1
138 139 1
138 283 1
138 346 1
139 140 1
139 221 1
139 274 1
140 141 1
140 142 1
140 279 1
140 367 1
141 142 1
141 204 1
141 399 1
142 143 1
142 255 1
142 264 1
142 393 1
143 144 1
143 151 1
143 171 1
143 256 1
144 145 1
144 201 1
145 146 1
145 214 1
145 341 1
145 430 1
146 147 1
147 148 1
147 247 1
148 149 1
148 312 1
149 150 1
150 151 1
150 169 1
151 152 1
151 395 1
152 153 1
153 154 1
153 189 1
153 280 1
153 409 1
154 155 1
154 239 1
154 317 1
154 329 1
155 156 1
155 332 1
156 157 1
157 158 1
157 174 1
158 159 1
158 199 1
159 160 1
159 198 1
159 402 1
160 161 1
160 203 1
160 276 1
161 162 1
161 209 1
161 236 1
162 163 1
162 301 1
163 164 1
163 193 1
163 389 1
164 165 1
164 314 1
165 166 1
165 351 1
166 167 1
166 326 1
167 168 1
167 217 1
167 231 1
167 274 1
167 314 1
167 366 1
168 169 1
168 249 1
168 322 1
168 354 1
169 170 1
169 293 1
169 333 1
169 380 1
169 409 1
170 171 1
171 172 1
171 199 1
172 173 1
173 174 1
173 185 1
173 385 1
174 175 1
175 176 1
175 399 1
175 407 1
175 416 1
175 423 1
176 177 1
176 189 1
176 408 1
177 178 1
177 357 1
178 179 1
178 391 1
179 180 1
179 403 1
179 405 1
180 181 1
180 238 1
181 182 1
181 271 1
181 298 1
182 183 1
182 215 1
182 242 1
182 412 1
183 184 1
183 394 1
184 185 1
184 234 1
184 419 1
185 186 1
185 338 1
186 187 1
187 188 1
187 195 1
187 388 1
188 189 1
188 278 1
188 379 1
189 190 1
189 197 1
189 240 1
189 312 1
189 402 1
189 428 1
190 191 1
190 195 1
190 324 1
190 401 1
191 192 1
191 194 1
191 306 1
192 193 1
193 194 1
193 204 1
193 275 1
193 327 1
193 422 1
194 195 1
194 353 1
194 426 1
195 196 1
195 314 1
195 327 1
195 341 1
196 197 1
197 198 1
197 365 1
198 199 1
198 377 1
199 200 1
199 265 1
200 201 1
200 216 1
200 220 1
200 429 1
201 202 1
201 254 1
201 283 1
201 370 1
202 203 1
202 266 1
202 333 1
203 204 1
203 307 1
204 205 1
204 238 1
204 261 1
205 206 1
205 276 1
205 334 1
206 207 1
206 381 1
206 398 1
207 208 1
207 407 1
208 209 1
208 292 1
208 326 1
208 345 1
209 210 1
209 308 1
209 414 1
210 211 1
210 251 1
210 284 1
210 347 1
211 212 1
211 304 1
211 399 1
212 213 1
213 214 1
213 242 1
213 302 1
213 378 1
214 215 1
215 216 1
215 231 1
215 238 1
215 290 1
216 217 1
216 348 1
216 377 1
217 218 1
217 255 1
217 269 1
217 327 1
218 219 1
218 237 1
218 259 1
219 220 1
219 265 1
220 221 1
221 222 1
221 422 1
222 223 1
222 267 1
222 338 1
223 224 1
223 355 1
224 225 1
224 246 1
225 226 1
226 227 1
226 405 1
226 421 1
227 228 1
228 229 1
228 318 1
229 230 1
230 231 1
230 241 1
230 386 1
231 232 1
232 233 1
232 251 1
233 234 1
233 250 1
234 235 1
234 349 1
235 236 1
235 392 1
236 237 1
236 296 1
237 238 1
238 239 1
239 240 1
239 396 1
240 241 1
240 366 1
240 407 1
240 423 1
241 242 1
241 249 1
241 251 1
241 306 1
242 243 1
243 244 1
244 245 1
244 274 1
244 423 1
245 246 1
245 350 1
245 357 1
245 410 1
246 247 1
247 248 1
247 352 1
247 414 1
248 249 1
249 250 1
249 319 1
250 251 1
250 333 1
251 252 1
251 271 1
251 364 1
251 391 1
251 415 1
252 253 1
253 254 1
253 267 1
253 275 1
254 255 1
255 256 1
256 257 1
256 416 1
257 258 1
258 259 1
258 270 1
259 260 1
260 261 1
261 262 1
261 379 1
262 263 1
262 326 1
262 398 1
262 405 1
263 264 1
264 265 1
264 297 1
264 389 1
265 266 1
266 267 1
266 347 1
266 389 1
266 409 1
267 268 1
267 290 1
268 269 1
269 270 1
269 313 1
270 271 1
270 308 1
271 272 1
272 273 1
273 274 1
274 275 1
274 323 1
274 366 1
275 276 1
276 277 1
277 278 1
278 279 1
278 377 1
279 280 1
280 281 1
281 282 1
282 283 1
283 284 1
284 285 1
284 329 1
284 424 1
285 286 1
286 287 1
287 288 1
287 385 1
288 289 1
289 290 1
289 351 1
289 368 1
290 291 1
291 292 1
292 293 1
292 322 1
292 339 1
292 343 1
293 294 1
294 295 1
294 338 1
294 350 1
295 296 1
295 315 1
296 297 1
296 341 1
296 349 1
296 400 1
296 427 1
297 298 1
297 299 1
298 299 1
299 300 1
300 301 1
300 339 1
300 362 1
300 396 1
301 302 1
301 397 1
302 303 1
302 323 1
303 304 1
303 374 1
304 305 1
304 333 1
304 394 1
304 416 1
305 306 1
306 307 1
307 308 1
307 319 1
308 309 1
308 410 1
309 310 1
310 311 1
310 428 1
311 312 1
311 313 1
311 379 1
312 313 1
312 426 1
313 314 1
314 315 1
314 325 1
315 316 1
316 317 1
316 412 1
317 318 1
318 319 1
319 320 1
319 427 1
320 321 1
320 395 1
321 322 1
321 414 1
322 323 1
322 343 1
323 324 1
324 325 1
325 326 1
325 332 1
325 343 1
325 363 1
325 425 1
326 327 1
327 328 1
327 369 1
328 329 1
328 365 1
329 330 1
329 422 1
330 331 1
330 378 1
331 332 1
332 333 1
332 400 1
333 334 1
333 414 1
334 335 1
334 342 1
334 399 1
335 336 1
335 353 1
335 374 1
336 337 1
336 358 1
336 400 1
337 338 1
337 407 1
338 339 1
339 340 1
340 341 1
341 342 1
341 400 1
342 343 1
343 344 1
344 345 1
345 346 1
345 420 1
346 347 1
347 348 1
348 349 1
348 382 1
349 350 1
350 351 1
351 352 1
352 353 1
353 354 1
354 355 1
355 356 1
355 361 1
356 357 1
356 363 1
357 358 1
358 359 1
359 360 1
360 361 1
361 362 1
362 363 1
363 364 1
364 365 1
365 366 1
366 367 1
367 368 1
368 369 1
369 370 1
370 371 1
371 372 1
371 414 1
372 373 1
373 374 1
374 375 1
375 376 1
375 422 1
376 377 1
377 378 1
378 379 1
379 380 1
380 381 1
381 382 1
382 383 1
383 384 1
384 385 1
384 406 1
385 386 1
386 387 1
387 388 1
387 408 1
388 389 1
388 392 1
389 390 1
390 391 1
390 426 1
391 392 1
391 400 1
392 393 1
392 399 1
393 394 1
394 395 1
395 396 1
395 407 1
395 415 1
396 397 1
397 398 1
398 399 1
399 400 1
400 401 1
401 402 1
402 403 1
402 412 1
403 404 1
403 416 1
404 405 1
405 406 1
406 407 1
407 408 1
408 409 1
409 410 1
409 417 1
409 418 1
409 422 1
410 411 1
411 412 1
412 413 1
413 414 1
414 415 1
415 416 1
416 417 1
417 418 1
418 419 1
419 420 1
420 421 1
421 422 1
422 423 1
423 424 1
424 425 1
425 426 1
426 427 1
427 428 1
428 429 1
429 430 1
